10000 11.4200000000 0.0190000000
10001 5.6950000000 0.0200000000
10002 5.5260000000 0.0220000000
10003 5.6090000000 0.0220000000
10004 5.5130000000 0.0210000000
10005 5.7120000000 0.0220000000
10006 5.6320000000 0.0210000000
10007 5.5710000000 0.0200000000
10008 5.5920000000 0.0220000000
10009 5.6190000000 0.0220000000
10010 5.6090000000 0.0220000000
10011 5.5450000000 0.0230000000
10012 5.6200000000 0.0220000000
10013 5.6740000000 0.0210000000
10014 5.4990000000 0.0250000000
10015 5.6120000000 0.0210000000
10016 5.6740000000 0.0200000000
10017 5.7160000000 0.0210000000
10018 19.7740000000 0.0660000000
10019 23.1310000000 0.0860000000
10020 22.7390000000 0.0960000000
10021 8.7000000000 0.0250000000
10022 5.6530000000 0.0220000000
10023 8.6720000000 0.0880000000
10024 22.3190000000 0.0610000000
10025 22.2770000000 0.0860000000
10026 22.5300000000 0.0960000000
10027 22.7900000000 0.0850000000
10028 22.3360000000 0.0890000000
10029 24.3880000000 0.0910000000
10030 23.8740000000 0.0960000000
10031 23.0800000000 0.0920000000
10032 22.7400000000 0.0820000000
10033 23.1340000000 0.0860000000
10034 22.9400000000 0.0870000000
10035 23.2160000000 0.0880000000
10036 23.0180000000 0.0860000000
10037 22.9300000000 0.0900000000
10038 23.3450000000 0.0880000000
10039 22.9000000000 0.0840000000
10040 25.8190000000 0.0970000000
10041 24.9410000000 0.0950000000
10042 23.5030000000 0.0930000000
10043 16.1520000000 0.0210000000
10044 12.7120000000 0.0910000000
10045 22.2800000000 0.0860000000
10046 23.3740000000 0.0950000000
10047 18.9320000000 0.0270000000
10048 6.1040000000 0.0190000000
10049 5.8840000000 0.0210000000
10050 5.8290000000 0.0210000000
10051 9.0560000000 0.0220000000
10052 5.6940000000 0.0210000000
10053 14.5090000000 0.0750000000
10054 21.8070000000 0.1000000000
10055 21.2970000000 0.0780000000
10056 20.7380000000 0.0760000000
10057 22.9170000000 0.0860000000
10058 23.0760000000 0.0880000000
10059 24.1360000000 0.0940000000
10060 23.5450000000 0.0900000000
10061 23.5030000000 0.0890000000
10062 23.6040000000 0.0920000000
10063 23.1850000000 0.0870000000
10064 23.1950000000 0.0840000000
10065 23.3380000000 0.0840000000
10066 23.4060000000 0.0880000000
10067 22.9970000000 0.0890000000
10068 23.5250000000 0.0890000000
10069 18.9790000000 0.0220000000
10070 5.7560000000 0.0220000000
10071 5.8810000000 0.0250000000
10072 5.6420000000 0.0210000000
10073 5.6020000000 0.0250000000
10074 5.8040000000 0.0230000000
10075 5.6170000000 0.0230000000
10076 5.5900000000 0.0210000000
10077 5.6300000000 0.0240000000
10078 5.8200000000 0.0210000000
10079 5.6990000000 0.0260000000
10080 5.5730000000 0.0220000000
10081 5.5550000000 0.0220000000
10082 5.6370000000 0.0220000000
10083 5.6020000000 0.0240000000
10084 5.5540000000 0.0220000000
10085 5.7710000000 0.0210000000
10086 5.5510000000 0.0230000000
10087 5.5850000000 0.0250000000
10088 5.7760000000 0.0220000000
10089 5.6060000000 0.0230000000
10090 5.6040000000 0.0230000000
10091 5.6360000000 0.0190000000
10092 5.6670000000 0.0230000000
10093 5.6290000000 0.0230000000
10094 5.6150000000 0.0260000000
10095 5.7240000000 0.0220000000
10096 5.6900000000 0.0230000000
10097 5.5990000000 0.0230000000
10098 5.6450000000 0.0240000000
10099 5.7950000000 0.0240000000
10100 5.6740000000 0.0230000000
10101 5.8410000000 0.0260000000
10102 5.6830000000 0.0230000000
10103 5.6130000000 0.0280000000
10104 5.7820000000 0.0240000000
10105 5.6150000000 0.0230000000
10106 5.6420000000 0.0230000000
10107 5.6660000000 0.0240000000
10108 5.6210000000 0.0220000000
10109 5.5760000000 0.0270000000
10110 5.6360000000 0.0240000000
10111 5.6030000000 0.0270000000
10112 5.7360000000 0.0190000000
10113 5.7250000000 0.0200000000
10114 6.3140000000 0.0210000000
10115 15.3140000000 0.0890000000
10116 23.3680000000 0.0880000000
10117 23.0560000000 0.0880000000
10118 23.1990000000 0.0880000000
10119 24.2150000000 0.0910000000
10120 24.4990000000 0.0820000000
10121 24.4770000000 0.0890000000
10122 23.5260000000 0.0900000000
10123 23.4530000000 0.0890000000
10124 23.5890000000 0.0880000000
10125 9.0170000000 0.0200000000
10126 